Pos: -12.78899185267108
Neu: -11.90051372710381
Neg: -12.011166268310106
Sentiment is Neutral
Pos: 98.52564414477399
Neu: 99.82852759048374
Neg: 100.69711655429025
Sentiment is Negative
NB: Positive: Precision: 0.3900481540930979
Recall: 0.7993421052631579
Neutral: Precision: 0.22857142857142856
Recall: 0.1
Negative: Precision: 0.23958333333333334
Recall: 0.08214285714285714
LR: Positive: Precision: 0.64
Recall: 0.05263157894736842
Neutral: Precision: 0.1111111111111111
Recall: 0.008333333333333333
Negative: Precision: 0.33290653008962867
Recall: 0.9285714285714286
