Pos: -13.090021848335061
Neu: -12.298453735775848
Neg: -12.78931751869375
Sentiment is Neutral
Pos: 72.82852759048374
Neu: 75.0
Neg: 72.82852759048374
Sentiment is Neutral
NB: Positive: Precision: 0.3900481540930979
Recall: 0.7993421052631579
Neutral: Precision: 0.22857142857142856
Recall: 0.1
Negative: Precision: 0.23958333333333334
Recall: 0.08214285714285714
LR: Positive: Precision: 0.64
Recall: 0.05263157894736842
Neutral: Precision: 0.1111111111111111
Recall: 0.008333333333333333
Negative: Precision: 0.33290653008962867
Recall: 0.9285714285714286
