Pos: -12.503826501559281
Neu: -11.88090672249616
Neg: -11.836209564525383
Sentiment is Negative
Pos: 11.131411036193496
Neu: 11.131411036193496
Neg: 12.0
Sentiment is Negative
NB: Positive: Precision: 0.42302158273381296
Recall: 0.8258426966292135
Neutral: Precision: 0.26605504587155965
Recall: 0.1324200913242009
Negative: Precision: 0.3473684210526316
Recall: 0.10185185185185185
LR: Positive: Precision: 0.2222222222222222
Recall: 0.0056179775280898875
Neutral: Precision: 0.5
Recall: 0.0091324200913242
Negative: Precision: 0.3577878103837472
Recall: 0.9783950617283951
